0,0,0
0,1,954.0822815669517
0,2,353.41194094144583
0,3,1010.0316826713903
0,4,901.8852476895273
0,5,902.7031627284797
0,6,791.7676426831296
0,7,1000.98051929096
0,8,554.0487343185615
0,9,799.5298618563287
0,10,288.08679247754486
0,11,420.880030412468
0,12,743.2745118729688
0,13,970.2164706909484
0,14,965.1072479263639
0,15,928.0732729693276
0,16,786.7026121731134
0,17,847.9274733136084
0,18,1390.9539891743364
0,19,673.3743386854002
0,20,685.9300255857007
0,21,955.5862075187147
0,22,1159.3532679903913
0,23,881.1520867591474
0,24,1189.7281202022587
0,25,984.5633549955026
0,26,1271.6493227301307
0,27,1204.7647073184041
0,28,1094.9310480573652
0,29,1398.2807300395725
0,30,1126.6751972063644
0,31,1306.775038022995
0,32,1373.262538628357
0,33,1676.9332127428331
0,34,883.2400579683872
0,35,1643.8324123827222
0,36,1722.3974570348157
0,37,1526.752435727548
0,38,1462.845514741731
0,39,1588.6777520944895
0,40,1489.4955521920836
0,41,1652.9455526423126
0,42,1673.8004660054316
0,43,1491.662495338674
0,44,1572.099869601165
0,45,1743.7023828623967
0,46,1645.4789576290545
0,47,1662.5690963084812
0,48,1737.5514380875175
0,49,917.9896513577917
0,50,1979.1980699263022
0,51,1816.4635972130022
0,52,1956.3399500086891
0,53,1916.7159413955944
0,54,1927.0508555821768
0,55,938.0884819674528
0,56,1893.9313609526614
0,57,1992.6698171046803
0,58,2026.6908989779374
0,59,2004.9670820240417
0,60,1113.693404847133
0,61,2334.823333787805
0,62,2312.4179985461105
0,63,2474.041632632725
0,64,2458.3547343701234
0,65,2375.2593542600775
0,66,2473.6988499006907
0,67,2405.1515544763492
0,68,2719.13699544543
0,69,2612.6586076255735
0,70,2646.4657564381973
0,71,773.078262532326
0,72,737.0108547368892
0,73,2840.719803148491
0,74,2711.320342563748
0,75,2742.036104795121
0,76,2771.7931019468247
0,77,2797.090631352513
0,78,2799.7365947531566
0,79,2935.94686600422
0,80,2864.1328530639075
0,81,2927.1836293611645
0,82,2879.802250155382
0,83,2922.8549399516905
0,84,973.9034859779484
0,85,898.3473715662556
0,86,1079.7541386815797
0,87,603.5229904485826
0,88,630.600507453015
0,89,465.4653585391721
0,90,373.9759350546503
0,91,741.9710236929742
0,92,512.6402247190518
0,93,562.225933233251
0,94,825.2642001201797
0,95,674.4427329284525
0,96,737.8292485392539
0,97,201.83656754909404
0,98,800.5623023850173
0,99,157.25775020646836
1,0,954.0822815669517
1,1,0
1,2,606.0668279983652
1,3,1301.410388770583
1,4,1846.8492087877667
1,5,1846.2897930714994
1,6,1733.5377123097148
1,7,87.20665112249179
1,8,438.5076966257263
1,9,231.1384866265244
1,10,862.9745071553389
1,11,1286.0983632677558
1,12,1646.4810961562844
1,13,253.2923212416831
1,14,1297.66135798212
1,15,1785.8188597951362
1,16,1614.128247692853
1,17,1635.8117251077522
1,18,1002.8838417284427
1,19,1094.1489843709585
1,20,1060.0627339926632
1,21,1729.4397936904309
1,22,1293.3510737614904
1,23,943.7637416218108
1,24,1970.913493789111
1,25,1273.075802927697
1,26,1958.0492843644156
1,27,1818.6151324565624
1,28,1457.0878491017622
1,29,2039.7656728163654
1,30,967.4967700204481
1,31,1538.7325953524219
1,32,1695.0825938578923
1,33,1341.456670936486
1,34,1468.6987437864852
1,35,1370.7632910170887
1,36,2332.206251599545
1,37,1481.5620135519134
1,38,1632.339425487236
1,39,2106.6988394167784
1,40,1840.9399772942083
1,41,1424.396012350498
1,42,2237.5122346034223
1,43,1631.2087542678282
1,44,2001.0349822029598
1,45,2285.9625981192257
1,46,2034.6174087528102
1,47,2071.4181132740923
1,48,2226.230895482317
1,49,1599.8799954996625
1,50,1670.004790412291
1,51,1746.1354472090645
1,52,1773.9033231830872
1,53,2332.1177071494485
1,54,2333.262522735065
1,55,1664.6227800916338
1,56,1940.575430123756
1,57,1881.5451097435853
1,58,2382.400679986471
1,59,2088.1690544589537
1,60,866.8483142972593
1,61,2684.79813021389
1,62,2611.673792800318
1,63,2238.4130539290554
1,64,2853.289505115105
1,65,2411.3154086514687
1,66,2811.80813712458
1,67,2538.3862984187413
1,68,2462.659741011738
1,69,2885.9164922083246
1,70,2693.994803261506
1,71,1081.123952190497
1,72,1240.4450814123131
1,73,2637.9025759114
1,74,2762.089245480674
1,75,2799.697305067103
1,76,2958.3677932265286
1,77,2742.592386775694
1,78,2768.475392702633
1,79,2715.0007366481505
1,80,3153.3502818431066
1,81,2736.5469117119114
1,82,3132.051723710833
1,83,3226.6357092178846
1,84,758.0217674974776
1,85,1725.1449214486302
1,86,1355.9771384503501
1,87,1403.618537922608
1,88,806.1128953192599
1,89,1301.6239856425511
1,90,1022.6050068330392
1,91,496.85812864438475
1,92,620.7422975760553
1,93,1490.7437740939922
1,94,1769.5931735853865
1,95,1619.4134740701647
1,96,1684.5049717943846
1,97,888.045606936941
1,98,280.80064102490934
1,99,886.4880145833896
2,0,353.41194094144583
2,1,606.0668279983652
2,2,0
2,3,1075.3752833313588
2,4,1240.8904061197347
2,5,1240.4519337725262
2,6,1127.817361100635
2,7,648.6801985570394
2,8,206.30559856678636
2,9,447.1822894525229
2,10,302.5524747874325
2,11,693.3108970728788
2,12,1049.1201075186768
2,13,621.0861453936966
2,14,1045.3114368454983
2,15,1204.8784171027382
2,16,1041.5704488895603
2,17,1079.1037948223516
2,18,1217.8690405786658
2,19,672.1673898665421
2,20,659.6969000988257
2,21,1180.8577391032334
2,22,1168.4382739366251
2,23,730.2472184130522
2,24,1482.2068006860582
2,25,950.6445182085678
2,26,1454.7522125777984
2,27,1347.4605745623878
2,28,1198.4097796663712
2,29,1560.584826275073
2,30,1013.9728793217301
2,31,1270.1799085168998
2,32,1380.0557959734817
2,33,1449.2291054212235
2,34,1076.745559545058
2,35,1434.1983823725363
2,36,1875.1439944708247
2,37,1390.124095179995
2,38,1407.611096858788
2,39,1694.17265944177
2,40,1514.4639315612637
2,41,1458.0867601072305
2,42,1803.1849600082628
2,43,1425.401346989682
2,44,1635.2400435410086
2,45,1864.200096556161
2,46,1692.6065697615616
2,47,1719.1079081895934
2,48,1832.6879166950384
2,49,1159.0362375698182
2,50,1769.4691294283718
2,51,1682.5219166477445
2,52,1787.5016083908847
2,53,1982.3269155212517
2,54,1988.7878217648056
2,55,1200.653988457957
2,56,1806.0487258100209
2,57,1849.6077962638458
2,58,2068.353934896056
2,59,1934.300131830632
2,60,966.47865987822
2,61,2379.536929740743
2,62,2335.395683818911
2,63,2299.0019573719374
2,64,2524.0792380589005
2,65,2294.8832214297963
2,66,2515.4629792545147
2,67,2362.629467352001
2,68,2541.019086901946
2,69,2629.4381529140405
2,70,2575.02174748098
2,71,819.6840854865977
2,72,878.3194179795868
2,73,2682.3036740831562
2,74,2642.0586670246366
2,75,2675.8135211557624
2,76,2755.8143986850782
2,77,2690.168767940034
2,78,2701.2961703597034
2,79,2772.5894034277776
2,80,2890.547525988805
2,81,2774.035327821187
2,82,2891.3790827216
2,83,2955.874320738282
2,84,819.3192296046761
2,85,1205.6002654279735
2,86,1144.0091782848597
2,87,889.6403767815398
2,88,576.9445380623687
2,89,764.6973257439835
2,90,547.5271682756938
2,91,517.2204558986429
2,92,358.4689665786984
2,93,909.3041295408264
2,94,1178.0530548324214
2,95,1027.188882338589
2,96,1090.9463781506404
2,97,352.13917703090067
2,98,496.58836071740546
2,99,329.07445965920846
3,0,1010.0316826713903
3,1,1301.410388770583
3,2,1075.3752833313588
3,3,0
3,4,1552.216801867574
3,5,1560.8539329482435
3,6,1487.71099343925
3,7,1387.5481973610863
3,8,1210.8418559002657
3,9,1333.6881194642172
3,10,1259.3561847229719
3,11,1367.0903408334066
3,12,1562.8681966180002
3,13,1495.1989834132446
3,14,58.137767414994535
3,15,1783.5436636090521
3,16,1696.6216431485248
3,17,1780.898930315811
3,18,839.8029530788755
3,19,1670.48046980502
3,20,1674.9877611493166
3,21,1885.9101251120107
3,22,214.84878403193255
3,23,1802.5151871759638
3,24,950.9621443569665
3,25,1977.5836265503413
3,26,2226.070978203525
3,27,2189.994063918896
3,28,160.70469812671936
3,29,2365.289200076811
3,30,534.1956570396281
3,31,2302.5700857954357
3,32,2380.7398009862395
3,33,2503.866010792111
3,34,399.4058086708304
3,35,2498.687055235209
3,36,2688.4845173442973
3,37,2464.075688772567
3,38,2452.4389900668275
3,39,2584.5318725061215
3,40,2499.2288810751206
3,41,2527.810317250881
3,42,2656.6332076521217
3,43,2476.3071295782356
3,44,2579.8670508380856
3,45,2730.4567383498315
3,46,2654.910356302073
3,47,2670.9556342253236
3,48,2735.8583662170818
3,49,578.0700649575274
3,50,2830.6149508543194
3,51,2756.8126523215174
3,52,2861.5719456270886
3,53,2922.5475188608993
3,54,2933.648411108598
3,55,674.1112667801956
3,56,2868.854126650569
3,57,2924.8495687812733
3,58,3035.951251255527
3,59,2990.0884602298975
3,60,630.8922253443927
3,61,3343.225388752604
3,62,3322.441421605504
3,63,3370.580068771546
3,64,3462.080299473136
3,65,3356.250437616359
3,66,3482.2765542099037
3,67,3403.923912193103
3,68,3611.1009401566166
3,69,3622.684225819303
3,70,3633.0550505050155
3,71,255.69122002915938
3,72,315.62794553081005
3,73,3756.4761412792177
3,74,3699.1850453849966
3,75,3731.4986265574316
3,76,3778.6157518329383
3,77,3761.2763791032426
3,78,3770.098274581181
3,79,3845.841910427416
3,80,3873.8436984473187
3,81,3848.7660360172586
3,82,3889.7744150528833
3,83,3931.9696082243568
3,84,624.771958397622
3,85,876.6207846041525
3,86,70.178344238091
3,87,714.582395529025
3,88,523.3211251229975
3,89,769.8012730568845
3,90,640.1015544427306
3,91,804.5551565927597
3,92,755.7909763949289
3,93,1023.1373319354543
3,94,1247.6157260951786
3,95,1162.0107572651812
3,96,1211.1366562035846
3,97,820.2889734721539
3,98,1020.6546918522445
3,99,867.138973867511
4,0,901.8852476895273
4,1,1846.8492087877667
4,2,1240.8904061197347
4,3,1552.216801867574
4,4,0
4,5,13.038404810405298
4,6,115.26057435220423
4,7,1885.1283775912982
4,8,1421.9511243358543
4,9,1668.3755572412347
4,10,1017.5288693693167
4,11,599.4705997795055
4,12,289.17814578560393
4,13,1822.46234529002
4,14,1494.298832228681
4,15,404.01113846031524
4,16,489.8020008125732
4,17,576.6420033261538
4,18,2192.993388042928
4,19,1088.0156248878047
4,20,1132.6857463568613
4,21,619.3173661379116
4,22,1759.036383932976
4,23,1432.3302691767706
4,24,1044.8885107991186
4,25,1294.60186930191
4,26,915.7647077715978
4,27,999.0320315185094
4,28,1545.517712612832
4,29,1064.7215598455778
4,30,1887.345755287038
4,31,1513.5025602885514
4,32,1462.7621132638076
4,33,2220.573349385244
4,34,1209.4461542375502
4,35,2152.8966533486923
4,36,1339.1975209057102
4,37,1899.2972384542657
4,38,1672.0047846821492
4,39,1368.8915223639892
4,40,1504.4945995250366
4,41,2129.800929664554
4,42,1367.9272641482075
4,43,1719.084058445078
4,44,1470.1445507160172
4,45,1449.0607302663336
4,46,1568.6044753219342
4,47,1557.7114623703583
4,48,1514.4437922881127
4,49,1094.6579374398195
4,50,2455.0959248061977
4,51,2140.1366778783076
4,52,2342.1539232082932
4,53,1741.4066153543806
4,54,1760.343716437219
4,55,1031.3025744174208
4,56,2102.085868845514
4,57,2315.9723659836704
4,58,1897.6103393478863
4,59,2157.8605144911476
4,60,1910.0811501085498
4,61,2159.935415701127
4,62,2196.1794097932893
4,63,2830.5358150004035
4,64,2216.038131440883
4,65,2511.105334309973
4,66,2292.553379967411
4,67,2444.8895680582386
4,68,3067.6122636343725
4,69,2483.5800772272273
4,70,2737.2577518385074
4,71,1411.6674537581434
4,72,1240.6208123355016
4,73,3133.5746360985245
4,74,2791.765212191025
4,75,2812.637374422803
4,76,2713.666154853983
4,77,2965.1281591189277
4,78,2946.543059247565
4,79,3235.833277534552
4,80,2690.8842412857525
4,81,3202.1175806019364
4,82,2743.5743110038043
4,83,2728.561892279521
4,84,1789.4895920345555
4,85,818.9120831933059
4,86,1606.450123719999
4,87,839.0309887006558
4,88,1417.2713219422737
4,89,794.7685197590554
4,90,1044.1767091828854
4,91,1620.0864174481558
4,92,1383.582668292719
4,93,529.9179181722392
4,94,358.24014292091834
4,95,392.62195557558925
4,96,354.1539213392956
4,97,1034.2615723307135
4,98,1701.3656279589052
4,99,1012.3541870313967
5,0,902.7031627284797
5,1,1846.2897930714994
5,2,1240.4519337725262
5,3,1560.8539329482435
5,4,13.038404810405298
5,5,0
5,6,113.07077429645558
5,7,1884.0214966926465
5,8,1420.535462422533
5,9,1666.7336319880271
5,10,1014.7536646891205
5,11,595.1848452371751
5,12,280.0321410124202
5,13,1820.1222486415577
5,14,1502.9693942326305
5,15,391.28122878563954
5,16,478.87367854163796
5,17,565.0999911520084
5,18,2198.408970141816
5,19,1080.5998334258618
5,20,1125.4301399909282
5,21,606.9233889050578
5,22,1767.3214195499359
5,23,1425.2943555630886
5,24,1057.651171228019
5,25,1285.2221597840585
5,26,902.765196493529
5,27,986.4263783983071
5,28,1555.1170373962211
5,29,1051.700527716897
5,30,1893.3705395405307
5,31,1502.7042290484178
5,32,1451.1612591300802
5,33,2212.2576703449354
5,34,1219.4465957966343
5,35,2144.2262007540157
5,36,1326.2171767851598
5,37,1889.4422457434364
5,38,1661.002709209109
5,39,1355.9505890702656
5,40,1492.3813185643942
5,41,2120.7852319365106
5,42,1354.889294370577
5,43,1708.1686099445803
5,44,1457.503687816947
5,45,1436.0226321336304
5,46,1555.99807197824
5,47,1545.0064724783517
5,48,1501.4559600601012
5,49,1105.6011939212078
5,50,2445.8131572137722
5,51,2129.6067712138783
5,52,2332.03451947007
5,53,1728.4481479060921
5,54,1747.3969211372669
5,55,1042.700819986251
5,56,2090.680511221167
5,57,2305.312560153178
5,58,1884.7103225694923
5,59,2146.0559172584485
5,60,1915.4111830100605
5,61,2146.9226814210147
5,62,2183.249413145461
5,63,2819.887409099874
5,64,2203.0036314087183
5,65,2499.039815609187
5,66,2279.527363292663
5,67,2432.382576816402
5,68,3056.804377123273
5,69,2470.595070018557
5,70,2724.8944933703397
5,71,1418.816760543799
5,72,1248.9075225972497
5,73,3122.306839501845
5,74,2779.341828563014
5,75,2800.166602186377
5,76,2700.7884034111225
5,77,2953.0988808368743
5,78,2934.4031761160563
5,79,3224.587570527431
5,80,2677.8498837686925
5,81,3190.699766508908
5,82,2730.563678070885
5,83,2715.523522269693
5,84,1794.2745051970169
5,85,830.8315111982694
5,86,1615.3575455607343
5,87,848.0666247412405
5,88,1422.1392336898662
5,89,802.1726746779648
5,90,1049.4879703931817
5,91,1622.8524270555224
5,92,1386.3942440734527
5,93,538.1644730005875
5,94,370.4726710568541
5,95,402.2263044605611
5,96,364.9177989629993
5,97,1037.1022128989987
5,98,1702.5759894935672
5,99,1014.6767958320521
6,0,791.7676426831296
6,1,1733.5377123097148
6,2,1127.817361100635
6,3,1487.71099343925
6,4,115.26057435220423
6,5,113.07077429645558
6,6,0
6,7,1771.0070581451673
6,8,1307.4685464667973
6,9,1553.669205461703
6,10,902.2693611111928
6,11,485.24220756236775
6,12,201.8539075668341
6,13,1707.3043079662161
6,14,1430.236344105407
6,15,370.00540536592166
6,16,415.4960890309318
6,17,509.7342444843195
6,18,2102.425504030999
6,19,982.153246698294
6,20,1026.0779697469388
6,21,569.0140595802533
6,22,1690.7950792452643
6,23,1324.6059791500263
6,24,1053.2297944893128
6,25,1199.965416168316
6,26,888.380549089184
6,27,951.1561386018597
6,28,1491.4643810698262
6,29,1039.2328901646638
6,30,1800.8833943373459
6,31,1431.6162195225368
6,32,1391.6041103704745
6,33,2118.4034082298867
6,34,1161.234257159166
6,35,2052.777874003907
6,36,1329.0797568242472
6,37,1807.7535783397027
6,38,1592.2703916106711
6,39,1334.1517904646382
6,40,1442.338725819979
6,41,2031.8634304499897
6,42,1346.0014858832808
6,43,1638.2505913321074
6,44,1421.5266441400245
6,45,1427.0171687824923
6,46,1518.6260237464653
6,47,1511.0923201446033
6,48,1483.0660807934353
6,49,1060.3174053084294
6,50,2358.8355177926246
6,51,2054.658122413556
6,52,2252.609597777653
6,53,1706.9669006749955
6,54,1725.0011594199002
6,55,1004.9726364434009
6,56,2027.1161782196896
6,57,2231.7269098167008
6,58,1859.0244753633558
6,59,2088.983724206582
6,60,1819.138532382842
6,61,2130.136145883638
6,62,2158.9916627907573
6,63,2745.8962107115412
6,64,2196.0009107466235
6,65,2446.6517937785916
6,66,2264.730005983053
6,67,2390.6840025398587
6,68,2984.6008108288115
6,69,2450.31120472482
6,70,2679.0903306906243
6,71,1334.0442271529082
6,72,1173.3648196532909
6,73,3056.08654982152
6,74,2735.0557581153626
6,75,2757.1525166374095
6,76,2672.887015943622
6,77,2899.6779131482863
6,78,2883.2837182629114
6,79,3158.015832765884
6,80,2664.7478304710185
6,81,3126.6346124867227
6,82,2712.872462907167
6,83,2705.464285478557
6,84,1695.4173527482842
6,85,804.4799562450266
6,86,1544.6128964889554
6,87,781.2195594069569
6,88,1323.9641233809925
6,89,721.2613950572982
6,90,954.1121527367734
6,91,1516.3195573493076
6,92,1280.1124950565868
6,93,467.0867157177562
6,94,361.27136615015587
6,95,348.9312253152475
6,96,328.69438693108225
6,97,931.1809705959416
6,98,1592.1369287847072
6,99,907.1813490146278
7,0,1000.98051929096
7,1,87.20665112249179
7,2,648.6801985570394
7,3,1387.5481973610863
7,4,1885.1283775912982
7,5,1884.0214966926465
7,6,1771.0070581451673
7,7,0
7,8,464.96881615867534
7,9,229.01964981197574
7,10,886.7130313692248
7,11,1314.1605685760017
7,12,1675.4441202260373
7,13,187.77113729218343
7,14,1383.1305072190405
7,15,1806.2629930328528
7,16,1632.2564136801545
7,17,1648.813209554072
7,18,1078.6347852725685
7,19,1086.5840970675026
7,20,1049.915234673733
7,21,1739.5691995433813
7,22,1380.5571339136964
7,23,910.3828864823855
7,24,2044.1049385978206
7,25,1246.4674083184045
7,26,1955.6876028650383
7,27,1810.3723373936093
7,28,1542.8000518537715
7,29,2031.7866521857063
7,30,1052.9126269543926
7,31,1500.7134969740227
7,32,1661.914558573936
7,33,1265.1659970138305
7,34,1548.566110955551
7,35,1297.8524569457038
7,36,2318.3944875710863
7,37,1422.6499920922222
7,38,1587.5607075006612
7,39,2085.815188361615
7,40,1808.1827894325286
7,41,1353.6266102585307
7,42,2219.829272714458
7,43,1584.0609205456715
7,44,1973.096044291813
7,45,2265.7846323073163
7,46,2002.8082783931168
7,47,2040.9473290606986
7,48,2201.4888144162805
7,49,1676.6648442667365
7,50,1592.3846897028368
7,51,1682.0992836334008
7,52,1702.5204844582634
7,53,2299.878692453148
7,54,2300.2089035563704
7,55,1739.5597144105172
7,56,1882.707093522516
7,57,1813.6496354037072
7,58,2344.6385648965174
7,59,2031.606507176033
7,60,951.134585639698
7,61,2644.6009150720643
7,62,2567.752519227661
7,63,2161.555921090176
7,64,2815.997514203448
7,65,2349.3252222712804
7,66,2769.9487359877257
7,67,2482.3416364392715
7,68,2384.067952051703
7,69,2838.505416588103
7,70,2631.357254346129
7,71,1165.3737597869622
7,72,1321.0045420058177
7,73,2561.278001311064
7,74,2699.37029693964
7,75,2737.270173000831
7,76,2904.13033454079
7,77,2673.4864877159935
7,78,2700.6386281766763
7,79,2637.318714148899
7,80,3106.053605461438
7,81,2660.227433886058
7,82,3081.9871836203342
7,83,3180.2083265094443
7,84,844.3518224058026
7,85,1793.8032222069398
7,86,1442.506499118808
7,87,1471.8539329702523
7,88,889.1394716241092
7,89,1366.0234258606256
7,90,1092.4705945699409
7,91,583.0617463013673
7,92,697.4023229098108
7,93,1546.4346090281347
7,94,1822.1363834795682
7,95,1671.4978312878543
7,96,1736.0743071654508
7,97,948.8730157402517
7,98,366.95776323713335
7,99,944.0338976964757
8,0,554.0487343185615
8,1,438.5076966257263
8,2,206.30559856678636
8,3,1210.8418559002657
8,4,1421.9511243358543
8,5,1420.535462422533
8,6,1307.4685464667973
8,7,464.96881615867534
8,8,0
8,9,247.77812655680484
8,10,424.53739529045026
8,11,849.76349650947
8,12,1210.8893425908084
8,13,416.32919667013505
8,14,1187.7651282976783
8,15,1347.312139038315
8,16,1175.9238920950625
8,17,1199.805400887994
8,18,1216.0037006522637
8,19,696.6039046689302
8,20,670.8576600144028
8,21,1295.3906746615091
8,22,1275.7311629022786
8,23,651.4637365195396
8,24,1683.736618358109
8,25,930.4069002323661
8,26,1539.0159193458655
8,27,1411.5594213493105
8,28,1345.786015680056
8,29,1630.7179400497193
8,30,1061.0753978865027
8,31,1233.1054293936104
8,32,1365.056775376028
8,33,1293.2087998463358
8,34,1257.1320535250065
8,35,1288.8200029484335
8,36,1934.2970299310289
8,37,1289.1256726944816
8,38,1355.059039304192
8,39,1728.8438333175152
8,40,1506.3601826920412
8,41,1320.9591212448627
8,42,1849.7962049912417
8,43,1365.776336008206
8,44,1646.5357572795072
8,45,1904.6427486539305
8,46,1693.3838903213884
8,47,1724.8402824609589
8,48,1858.8418437295843
8,49,1350.9881568688897
8,50,1619.8410415840192
8,51,1577.3452380503134
8,52,1660.6757660663325
8,53,1988.891651146437
8,54,1992.9939789171467
8,55,1397.2429996246178
8,56,1725.7792442835787
8,57,1736.7489743771262
8,58,2059.711144796765
8,59,1862.1302317507227
8,60,993.6201487490076
8,61,2369.0103418938465
8,62,2312.646319695253
8,63,2163.9833640765355
8,64,2524.4694492110616
8,65,2212.886124498954
8,66,2501.897679762304
8,67,2301.6672218198705
8,68,2402.8399863494865
8,69,2600.3217108657923
8,70,2495.6660433639754
8,71,958.1753492967766
8,72,1047.851611632105
8,73,2553.933632653754
8,74,2563.4297337746552
8,75,2598.658884886587
8,76,2706.7679989241783
8,77,2590.0289573670793
8,78,2605.81753006614
8,79,2641.094091470427
8,80,2865.0530536100027
8,81,2648.0215255922676
8,82,2857.268800795613
8,83,2933.783393504026
8,84,850.7185198407285
8,85,1410.0900680453005
8,86,1276.915423980774
8,87,1092.4770020462674
8,88,691.0347313992257
8,89,969.6927348392376
8,90,738.8748202503588
8,91,527.0569229219933
8,92,456.9835883267582
8,93,1113.8007003050411
8,94,1379.0783153976427
8,95,1228.3277249985038
8,96,1291.3287730086402
8,97,553.1762829333883
8,98,420.6399885888169
8,99,533.6703102103395
9,0,799.5298618563287
9,1,231.1384866265244
9,2,447.1822894525229
9,3,1333.6881194642172
9,4,1668.3755572412347
9,5,1666.7336319880271
9,6,1553.669205461703
9,7,229.01964981197574
9,8,247.77812655680484
9,9,0
9,10,661.4605052457781
9,11,1090.24951272633
9,12,1451.5181707439972
9,13,180.42172818150257
9,14,1319.893935132668
9,15,1578.386517935325
9,16,1403.8678712756412
9,17,1419.8045640157661
9,18,1173.269363786509
9,19,864.1394563379223
9,20,829.402194354464
9,21,1510.634634847222
9,22,1362.2231828889126
9,23,720.0590253583382
9,24,1899.0853061408275
9,25,1044.2590674732014
9,26,1730.4716120179494
9,27,1588.6931736493361
9,28,1480.6924055994884
9,29,1809.9693367568414
9,30,1083.7181367864985
9,31,1316.8648374073932
9,32,1469.2481070261754
9,33,1204.7576519781894
9,34,1438.277094304154
9,35,1219.7938350393479
9,36,2101.242727530544
9,37,1290.0624015914889
9,38,1417.2356896437516
9,39,1875.853139240916
9,40,1614.684179646286
9,41,1265.191289884656
9,42,2006.3838117369269
9,43,1419.0902015023569
9,44,1772.181141982952
9,45,2055.0060827160587
9,46,1807.6374083316598
9,47,1843.6941177972012
9,48,1996.1836087895322
9,49,1549.1936612315453
9,50,1536.0602201736754
9,51,1564.8910505207702
9,52,1614.006815351162
9,53,2105.195477859479
9,54,2106.814894574272
9,55,1603.4069976147666
9,56,1744.8117376955029
9,57,1710.040058010338
9,58,2159.20077806581
9,59,1889.4774409873223
9,60,996.1129454032811
9,61,2463.4236338884143
9,62,2394.00187969851
9,63,2097.478962945755
9,64,2629.425032207612
9,65,2222.8398502816167
9,66,2591.8815559357645
9,67,2337.778860371528
9,68,2329.0895216800923
9,69,2672.004678139617
9,70,2506.37048338828
9,71,1092.6271093103996
9,72,1217.7228748775315
9,73,2494.4708857791866
9,74,2574.521703151869
9,75,2611.400007658727
9,76,2754.0960404459393
9,77,2571.736378402732
9,78,2593.881454500186
9,79,2576.156827524287
9,80,2939.080298324631
9,81,2591.4945494829813
9,82,2921.3717668246195
9,83,3011.277635821712
9,84,867.6819693874018
9,85,1634.5335726133005
9,86,1394.9297473349689
9,87,1313.6818488507786
9,88,813.2607208023759
9,89,1197.6017702057725
9,90,944.7676963148136
9,91,558.3484575066004
9,92,591.486263576763
9,93,1356.1865653367902
9,94,1624.759982274305
9,95,1473.9148550713505
9,96,1537.345764621609
9,97,777.0778596768795
9,98,370.1945434497921
9,99,764.2944458780267
10,0,288.08679247754486
10,1,862.9745071553389
10,2,302.5524747874325
10,3,1259.3561847229719
10,4,1017.5288693693167
10,5,1014.7536646891205
10,6,902.2693611111928
10,7,886.7130313692248
10,8,424.53739529045026
10,9,661.4605052457781
10,10,0
10,11,429.19692449969864
10,12,790.2259170642279
10,13,806.4899255415407
10,14,1219.4465957966343
10,15,923.0178763165966
10,16,752.9734391065863
10,17,782.6525410423197
10,18,1510.6386066826176
10,19,412.97578621512423
10,20,415.63686073302017
10,21,882.2204939809549
10,22,1386.5590503112371
10,23,593.1888400838303
10,24,1468.2523625044844
10,25,718.2290720932981
10,26,1152.2890262429821
10,27,1048.4293013837414
10,28,1358.8480415410695
10,29,1259.6590808627548
10,30,1286.4388831188212
10,31,1043.2185772885757
10,32,1128.6895055771538
10,33,1394.1796871278823
10,34,1167.4694856826022
10,35,1358.1064023116892
10,36,1576.118333120962
10,37,1240.5035267986948
10,38,1194.0205190866695
10,39,1404.8434076437131
10,40,1254.928284803558
10,41,1365.6621104797482
10,42,1508.300367963888
10,43,1219.5921449402665
10,44,1359.8176348319653
10,45,1571.5597347857956
10,46,1424.0593386513078
10,47,1446.7653576167768
10,48,1546.9922430316192
10,49,1206.0667477382833
10,50,1692.8298792259072
10,51,1531.1596912144728
10,52,1668.3944377754322
10,53,1707.5461926401874
10,54,1715.5515148196512
10,55,1224.826518328208
10,56,1617.6928014922983
10,57,1706.5722955679316
10,58,1803.8697292210434
10,59,1733.8411115208914
10,60,1250.2339781016992
10,61,2114.6862651466768
10,62,2080.504025470751
10,63,2186.0722769387107
10,64,2250.8598357072347
10,65,2102.314201065102
10,66,2252.270854049308
10,67,2144.574549881631
10,68,2431.1347144903343
10,69,2378.37024031163
10,70,2376.6836137778205
10,71,1010.4513842832816
10,72,1007.9112064065961
10,73,2553.845140175888
10,74,2442.3275783563513
10,75,2474.0517375350096
10,76,2522.632949915623
10,77,2518.194988478851
10,78,2522.814499720501
10,79,2648.723843665096
10,80,2635.283096746913
10,81,2640.851756536137
10,82,2643.4940892689738
10,83,2697.599117734138
10,84,1103.6095323981212
10,85,1172.7105354690048
10,86,1329.53112035785
10,87,888.4739726069639
10,88,813.7057207615048
10,89,749.1061340023855
10,90,643.7701453158572
10,91,814.8772913758243
10,92,628.0461766462718
10,93,801.5385205964839
10,94,1030.8971820700647
10,95,885.1129871378004
10,96,941.981953117999
10,97,442.28949795354623
10,98,795.3426934347232
10,99,396.8526174790838
11,0,420.880030412468
11,1,1286.0983632677558
11,2,693.3108970728788
11,3,1367.0903408334066
11,4,599.4705997795055
11,5,595.1848452371751
11,6,485.24220756236775
11,7,1314.1605685760017
11,8,849.76349650947
11,9,1090.24951272633
11,10,429.19692449969864
11,11,0
11,12,361.33225707096784
11,13,1234.525009872218
11,14,1315.7765767788999
11,15,515.1970496809935
11,16,365.9412521156914
11,17,429.69407722238856
11,18,1811.7839275145368
11,19,533.0262657693333
11,20,571.349280213076
11,21,537.6290542744133
11,22,1539.3219286426086
11,23,859.2653839181467
11,24,1274.122835522541
11,25,803.3585749837989
11,26,865.0780311625073
11,27,824.1516850677428
11,28,1422.9553752665613
11,29,999.9864999088737
11,30,1543.3188264257
11,31,1089.5434823814971
11,32,1104.60219083614
11,33,1669.7799256189421
11,34,1148.157219199531
11,35,1612.9553620605873
11,36,1324.2360061560023
11,37,1408.460507078562
11,38,1254.131173362659
11,39,1222.4373194565028
11,40,1195.8147849897157
11,41,1601.3684772718614
11,42,1289.596836224407
11,43,1293.26138116005
11,44,1239.9782256152725
11,45,1363.8452991450313
11,46,1324.5470924055512
11,47,1332.8840909846588
11,48,1375.1818061623708
11,49,1120.2075700511937
11,50,1932.6171374589433
11,51,1678.3920876839238
11,52,1855.7505220260616
11,53,1572.6474493668313
11,54,1585.8098877229893
11,55,1104.5587354233364
11,56,1698.640632976852
11,57,1858.1918630755006
11,58,1699.548175251293
11,59,1786.529876604363
11,60,1533.9377431955966
11,61,1999.420916165478
11,62,1995.2395846113318
11,63,2364.9849893815394
11,64,2105.3170782568595
11,65,2156.5261417381425
11,66,2138.5738238368112
11,67,2146.5437335400366
11,68,2608.5693396956117
11,69,2295.936628045295
11,70,2412.4603623686753
11,71,1152.8824744959913
11,72,1064.248561192356
11,73,2702.533071027994
11,74,2473.863779596605
11,75,2500.9090347311717
11,76,2481.5037779540053
11,77,2598.6965963728817
11,78,2591.877504821553
11,79,2802.276931354216
11,80,2536.4047389957304
11,81,2780.8948200174705
11,82,2564.0493364988124
11,83,2589.298939867701
11,84,1394.7229115491004
11,85,977.8057066718316
11,86,1434.1272607408312
11,87,782.1636657375489
11,88,1046.206958493395
11,89,656.4099328925485
11,90,735.8328614570023
11,91,1154.6709487988342
11,92,930.8168455716732
11,93,554.9071994487006
11,94,693.8969664150435
11,95,571.3571562516742
11,96,611.310068623117
11,97,614.4867777259328
11,98,1184.7362575695909
11,99,574.1863808903865
12,0,743.2745118729688
12,1,1646.4810961562844
12,2,1049.1201075186768
12,3,1562.8681966180002
12,4,289.17814578560393
12,5,280.0321410124202
12,6,201.8539075668341
12,7,1675.4441202260373
12,8,1210.8893425908084
12,9,1451.5181707439972
12,10,790.2259170642279
12,11,361.33225707096784
12,12,0
12,13,1594.0078418878622
12,14,1506.9349687362092
12,15,221.84003245582164
12,16,215.24404753674375
12,17,312.0833222073874
12,18,2110.9552340113705
12,19,805.437769166557
12,20,851.1151508462295
12,21,383.3770989508893
12,22,1756.4000113869279
12,23,1151.8376621729296
12,24,1228.7391912037315
12,25,1005.454126253406
12,26,719.2419620683988
12,27,761.8379092694194
12,28,1585.775835356309
12,29,869.8735540295497
12,30,1822.980526500489
12,31,1230.3861182571916
12,32,1190.1214223767254
12,33,1933.0478524858095
12,34,1269.538498825459
12,35,1864.4001716369798
12,36,1174.0025553634882
12,37,1610.8513277146342
12,38,1390.6919141204496
12,39,1153.1730139055458
12,40,1243.2248388767014
12,41,1840.7531067473444
12,42,1177.42643082275
12,43,1436.8555946928
12,44,1229.4783446649233
12,45,1257.745999794871
12,46,1325.4735003009303
12,47,1320.1231003205723
12,48,1304.3450463738498
12,49,1190.5309739775778
12,50,2165.9178193089415
12,51,1854.6215247322027
12,52,2054.5133243666246
12,53,1524.6891486463724
12,54,1541.913745966356
12,55,1146.3424444728548
12,56,1825.2629947489759
12,57,2031.2853073854494
12,58,1672.9976090837667
12,59,1887.6890633788182
12,60,1828.600010937329
12,61,1950.7242244868955
12,62,1973.4487578855449
12,63,2545.6411765997186
12,64,2025.5697963782932
12,65,2246.2577768368437
12,66,2086.778617870137
12,67,2194.177978195935
12,68,2783.8608083020245
12,69,2267.400714474616
12,70,2480.71360700908
12,71,1383.3701601523721
12,72,1247.604103872699
12,73,2854.35842178238
12,74,2537.2514656612184
12,75,2559.8681606676546
12,76,2484.069242191127
12,77,2698.9444232884825
12,78,2683.1213166757852
12,79,2956.3215319041333
12,80,2487.608088103912
12,81,2924.793496984018
12,82,2531.7140438841034
12,83,2531.0444484441596
12,84,1696.5627014643462
12,85,962.7486691759174
12,86,1624.2789169351427
12,87,882.7825326772161
12,88,1331.913660865448
12,89,795.6161134617624
12,90,979.4554609577712
12,91,1484.856895461647
12,92,1252.9521140091508
12,93,577.2910877538297
12,94,546.882071382853
12,95,496.78969393496885
12,96,496.45644320524235
12,97,913.0854286429063
12,98,1534.0928915812106
12,99,880.7774974418908
13,0,970.2164706909484
13,1,253.2923212416831
13,2,621.0861453936966
13,3,1495.1989834132446
13,4,1822.46234529002
13,5,1820.1222486415577
13,6,1707.3043079662161
13,7,187.77113729218343
13,8,416.32919667013505
13,9,180.42172818150257
13,10,806.4899255415407
13,11,1234.525009872218
13,12,1594.0078418878622
13,13,0
13,14,1484.52281895564
13,15,1706.8333251961071
13,16,1529.6094272722041
13,17,1536.5835480051192
13,18,1255.8268192708738
13,19,945.4041463839684
13,20,905.284485672874
13,21,1621.6698184279066
13,22,1509.8675438593943
13,23,737.5316942342207
13,24,2079.5040274065354
13,25,1078.7182208528786
13,26,1816.5032342387942
13,27,1663.1975228456781
13,28,1645.374729354988
13,29,1884.223182109805
13,30,1205.8992495229443
13,31,1321.4359613692977
13,32,1486.3411452287796
13,33,1090.0004587155
13,34,1615.1052597276748
13,35,1117.6640819137028
13,36,2162.397049572534
13,37,1234.8931127834505
13,38,1403.698329414123
13,39,1921.815027519558
13,40,1632.7133857477863
13,41,1171.1127187423078
13,42,2059.2814280714524
13,43,1398.9957112157279
13,44,1801.8396155041103
13,45,2102.256406816257
13,46,1827.8875785999533
13,47,1867.1818336734107
13,48,2033.1003418424777
13,49,1728.5314576252292
13,50,1419.5087178316307
13,51,1495.3701882811492
13,52,1520.6110613828903
13,53,2124.241040936739
13,54,2123.8797046913933
13,55,1783.480305470178
13,56,1694.9359869918392
13,57,1628.8796763419944
13,58,2164.6182111402463
13,59,1843.870114731512
13,60,1109.758982842671
13,61,2462.7789182141382
13,62,2383.8038929408604
13,63,1987.0203823816203
13,64,2636.046281839528
13,65,2162.052034526459
13,66,2587.0697709957494
13,67,2294.6254596338813
13,68,2212.8718896492855
13,69,2652.8695783999633
13,70,2444.26532929631
13,71,1259.4800514498036
13,72,1392.8377507807577
13,73,2386.2566919759493
13,74,2512.3045197587016
13,75,2550.1266635208535
13,76,2716.593639100261
13,77,2489.6208546684375
13,78,2515.890498412043
13,79,2464.2077834468423
13,80,2920.4186343741885
13,81,2484.6770413878744
13,82,2895.3785590143475
13,83,2994.921868763858
13,84,992.3628368696603
13,85,1814.511504510236
13,86,1554.3825140550186
13,87,1493.8621087637239
13,88,979.6147201833994
13,89,1376.939359594314
13,90,1125.0999955559505
13,91,702.1203600523204
13,92,764.3925692993097
13,93,1529.9915032443807
13,94,1794.8440043636103
13,95,1644.188857765433
13,96,1706.8755080555816
13,97,956.6200917814763
13,98,494.50176946093933
13,99,942.648396805511
14,0,965.1072479263639
14,1,1297.66135798212
14,2,1045.3114368454983
14,3,58.137767414994535
14,4,1494.298832228681
14,5,1502.9693942326305
14,6,1430.236344105407
14,7,1383.1305072190405
14,8,1187.7651282976783
14,9,1319.893935132668
14,10,1219.4465957966343
14,11,1315.7765767788999
14,12,1506.9349687362092
14,13,1484.52281895564
14,14,0
14,15,1727.8240651177423
14,16,1642.6566896342035
14,17,1727.618302750929
14,18,882.1638169863917
14,19,1629.2590340397073
14,20,1634.9593267112182
14,21,1832.3048327175256
14,22,272.0073528417936
14,23,1769.6036279347984
14,24,904.7568734195944
14,25,1937.4521929585771
14,26,2173.127699883281
14,27,2139.3125063907796
14,28,160.87883639559305
14,29,2312.9757888918766
14,30,570.6356105256664
14,31,2262.2557326703804
14,32,2337.4708554332824
14,33,2480.847637401378
14,34,346.1748113309228
14,35,2473.4714471770235
14,36,2635.8514753301256
14,37,2431.4590270041567
14,38,2413.3315147322796
14,39,2534.783028189987
14,40,2454.592634226706
14,41,2501.028788318919
14,42,2605.354486437498
14,43,2438.0051271480133
14,44,2532.670132488635
14,45,2679.5242114972575
14,46,2608.582181952487
14,47,2624
14,48,2686.4014964260277
14,49,526.2746431284714
14,50,2806.4335017954727
14,51,2724.3178962815628
14,52,2832.7347210778494
14,53,2874.597710984965
14,54,2885.9315653701838
14,55,622.2684308238688
14,56,2832.295182356528
14,57,2893.4313539463833
14,58,2989.424693816521
14,59,2952.074694176961
14,60,662.145754347183
14,61,3296.140773692774
14,62,3276.9182168616903
14,63,3343.2310718824087
14,64,3413.439907190399
14,65,3319.088579715823
14,66,3435.2621442911745
14,67,3363.452095689784
14,68,3584.439984153731
14,69,3577.375155054331
14,70,3595.0801103730637
14,71,229.7520402520944
14,72,259.33183375744676
14,73,3727.58433841543
14,74,3661.0066921544953
14,75,3693.039127872869
14,76,3735.7881363910346
14,77,3726.7492537062376
14,78,3734.7194004369326
14,79,3817.622296665819
14,80,3827.6349094447346
14,81,3819.332402397047
14,82,3844.6878937047672
14,83,3885.2290794752375
14,84,644.0496875241847
14,85,821.5229759416349
14,86,118.59595271340417
14,87,656.4937166492913
14,88,506.7435248722967
14,89,713.0848476864446
14,90,593.0615482393038
14,91,801.5116967331169
14,92,735.8532462386777
14,93,965.3652158639237
14,94,1189.5549587976168
14,95,1103.9587854625734
14,96,1153.0065047518162
14,97,778.5435119503597
14,98,1017.0093411567074
14,99,825.1121135942678
15,0,928.0732729693276
15,1,1785.8188597951362
15,2,1204.8784171027382
15,3,1783.5436636090521
15,4,404.01113846031524
15,5,391.28122878563954
15,6,370.00540536592166
15,7,1806.2629930328528
15,8,1347.312139038315
15,9,1578.386517935325
15,10,923.0178763165966
15,11,515.1970496809935
15,12,221.84003245582164
15,13,1706.8333251961071
15,14,1727.8240651177423
15,15,0
15,16,179.0446871593793
15,17,214.36650857818253
15,18,2311.684450784752
15,19,837.6138728555061
15,20,885.2683209061532
15,21,220.80987296767324
15,22,1975.535370475558
15,23,1180.7052976928662
15,24,1423.1405411975304
15,25,973.3329337898723
15,26,518.555686498567
15,27,595.6257214056492
15,28,1807.6089178801924
15,29,669.2988868958322
15,30,2030.1529499030362
15,31,1147.7495371377852
15,32,1077.0004642524534
15,33,1918.1837763884878
15,34,1490.7249914051888
15,35,1840.9445944949023
15,36,962.0940702446928
15,37,1556.1699778623156
15,38,1299.8711474603936
15,39,967.3370663837916
15,40,1107.7729911854685
15,41,1808.2790160813126
15,42,976
15,43,1348.8976981224337
15,44,1066.4192421369748
15,45,1057.0118258562673
15,46,1165.087550358341
15,47,1153.7348048836873
15,48,1114.8421412917614
15,49,1408.0159800229542
15,50,2124.213972273038
15,51,1777.7930138236004
15,52,1989.5411531305404
15,53,1340.2387846947274
15,54,1358.7586246276414
15,55,1360.4477204214795
15,56,1718.820525825777
15,57,1949.7530612875057
15,58,1494.8244044034068
15,59,1766.0942783441658
15,60,2030.6799353910994
15,61,1761.635603636575
15,62,1793.9880155675512
15,63,2463.3298601689544
15,64,1826
15,65,2114.2953909044973
15,66,1895.6798252869603
15,67,2042.1072449800477
15,68,2696.2436833491147
15,69,2083.27938596819
15,70,2336.0070633454857
15,71,1600.0156249237068
15,72,1468.5274937841648
15,73,2751.827937935074
15,74,2389.8037576336683
15,75,2410.1738526504682
15,76,2310.444329560875
15,77,2568.7234183539495
15,78,2548.3690862981366
15,79,2854.464573260632
15,80,2295.3755683983395
15,81,2817.1453636615915
15,82,2344.8294181027327
15,83,2335.6209024582736
15,84,1895.4978237919452
15,85,1169.0012831472854
15,86,1845.3598565049583
15,87,1104.0905759945604
15,88,1535.8219297822257
15,89,1017.2089264256384
15,90,1191.9169434151022
15,91,1667.8935817371562
15,92,1440.702606369545
15,93,796.5186752361805
15,94,731.1750816322996
15,95,705.0879377779768
15,96,694.953235836772
15,97,1110.0063062883921
15,98,1698.843135783878
15,99,1074.2411274941953
16,0,786.7026121731134
16,1,1614.128247692853
16,2,1041.5704488895603
16,3,1696.6216431485248
16,4,489.8020008125732
16,5,478.87367854163796
16,6,415.4960890309318
16,7,1632.2564136801545
16,8,1175.9238920950625
16,9,1403.8678712756412
16,10,752.9734391065863
16,11,365.9412521156914
16,12,215.24404753674375
16,13,1529.6094272722041
16,14,1642.6566896342035
16,15,179.0446871593793
16,16,0
16,17,99.40824915468535
16,18,2177.3695138859644
16,19,662.1238554832472
16,20,709.6625958862422
16,21,191.63506985935533
16,22,1879.8311094351002
16,23,1007.2536919763561
16,24,1435.830769972562
16,25,819.5632983485779
16,26,536.8621797072318
16,27,553.9250851875188
16,28,1735.080689766329
16,29,683.744104179334
16,30,1905.664188675434
16,31,1023.8906191581208
16,32,976.45942055981
16,33,1759.9693179143778
16,34,1433.1957298289722
16,35,1686.153611033111
16,36,999.9139963016819
16,37,1416.1242883306536
16,38,1182.21233287426
16,39,951.3285447204872
16,40,1027.9815173435757
16,41,1657.4588984345887
16,42,988.3445755403325
16,43,1229.2989872280868
16,44,1017.6408993353206
16,45,1067.2792511803084
16,46,1112.7632272860205
16,47,1108.9531099194412
16,48,1104.00090579673
16,49,1370.606435122789
16,50,1978.3210052971685
16,51,1651.4517855511253
16,52,1856.156512797345
16,53,1320.318522175615
16,54,1336.7916816018867
16,55,1334.1562876964601
16,56,1613.6409142061316
16,57,1826.7287702338297
16,58,1465.1720035545316
16,59,1673.5889578985636
16,60,1898.8944151795276
16,61,1748.007151015121
16,62,1765.6415264713276
16,63,2341.312666005974
16,64,1830.7716952148894
16,65,2031.3089376064881
16,66,1885.106097809882
16,67,1979.446639846601
16,68,2577.9621797070645
16,69,2061.3801202107293
16,70,2265.507007272324
16,71,1497.423453803232
16,72,1385.1418699902188
16,73,2644.3191940459837
16,74,2322.1354396330976
16,75,2344.87206474042
16,76,2273.519298356625
16,77,2484.211947479522
16,78,2468.07495834304
16,79,2746.493218633536
16,80,2286.10585931623
16,81,2713.600007370283
16,82,2326.8592565946055
16,83,2331.815601628911
16,84,1760.3161647840425
16,85,1162.1553252470171
16,86,1761.1416751641532
16,87,1048.5633028100879
16,88,1408.7867120327335
16,89,945.0105819513345
16,90,1082.3885623933763
16,91,1518.5130885178435
